1000 98
1006 73
1008 73
1005 53
1000 83
1003 76
1003 90
1010 100
1000 82
1006 59
1005 91
1007 77
1004 77
1006 80
1006 54
1008 50
1002 77
1006 64
1004 54
1005 57
1010 69
1007 66
1008 86
1000 83
1000 62
1001 64
1005 75
1003 85
1000 56
1010 92
1001 77
1005 96
1007 82
1000 59
1003 63
1000 78
1002 69
1003 68
1003 100
1009 76
1002 87
1008 98
1002 98
1003 57
1004 93
1004 60
1007 61
1003 93
1005 67
1006 66
1008 71
1006 90
1007 92
1009 64
1003 101
1005 73
1001 62
1004 80
1000 88
1002 81
1004 75
1001 73
1008 100
1005 59
1004 74
1010 77
1007 61
1010 81
1002 78
1000 73
1009 92
1006 52
1001 86
1000 98
1002 70
1004 100
1006 86
1001 54
1009 76
1010 68
1001 79
1009 53
1002 64
1007 91
1000 97
1000 69
1009 67
1003 65
1009 67
1000 69
1005 56
1006 96
1009 93
1002 93
1008 83
1007 53
1010 96
1003 99
1008 52
1004 100
